154
677
746
765
1067
1170
1562
1599
2021
2072
2081
2484
2599
2912
2920
3031
3092
3179
3405
3419
3504
3693
3786
3821
4427
4436
4463
4577
4906
5165
5348
5364
5372
5434
5447
5542
5896
6537
6686
6867
7083
7097
7513
7588
7607
7884
8068
8102
8198
8645
8796
8832
8837
8886
8903
9007
9236
9347
9480
9487
9598
9640
9884
10064
10324
10602
10670
11001
11407
11484
11569
11767
12387
12394
12486
12706
12770
12777
12828
12843
13147
13209
13254
13268
13531
13701
13847
14135
14146
14328
14354
14576
14632
14668
14838
14879
15474
15510
15549
15863
15900
16083
16228
16335
16369
16537
16611
16826
16852
17358
17378
17440
17448
17499
17529
17531
17573
17593
17608
17651
17678
17702
17797
17847
17874
17884
18246
18255
18532
18543
18614
18724
18744
18907
19038
19167
19343
19587
19747
19780
19812
19849
19860
19893
19921
20042
20205
20455
20535
20635
20648
20711
20713
20885
20889
20894
21248
21281
21393
21402
21421
21444
21476
21589
21594
21763
21770
21881
22109
22449
22509
22549
22701
22783
22797
22957
23015
23040
23123
23416
23453
23522
23685
23767
23875
23972
24244
24305
24327
24331
24436
24608
24674
24845
25247
25281
25336
25428
25606
25813
25859
25930
25945
25985
26069
26176
26207
26241
26311
26366
26451
26549
26634
26727
27072
27100
27288
27321
27366
27628
27654
27673
27913
27989
28103
28199
28328
28358
28360
28380
28404
28614
28734
29038
29426
29651
29655
29696
29807
30060
30122
30277
30324
30343
30419
30438
30788
30867
30883
31125
31216
31407
31592
31681
31685
31700
32246
32249
32349
32362
32578
32607
32759
32761
32768
33018
33152
33160
33347
33449
33579
33856
33977
34045
34088
34444
34481
34693
34769
34834
34922
34981
35037
35228
35264
35350
35415
35550
35904
36046
36188
36284
36366
36377
36795
36850
36962
37229
37279
37447
37504
37629
37677
37740
37819
37826
38070
38164
38170
38414
38455
38518
38827
38835
38957
39311
39429
39757
39794
39863
39906
39953
40091
40326
40526
40702
40706
40888
41037
41075
41307
41312
41704
42312
42313
42402
42515
42536
42568
42570
42799
42828
42884
42911
42913
43023
43067
43103
43109
43234
43409
43783
43813
44066
44127
44191
44248
44382
44471
44511
44599
44816
44901
45080
45101
45238
45336
45496
45556
45688
45860
45941
46146
46390
46651
46701
46733
46750
46853
46974
47006
47175
47193
47431
47508
47854
47908
48002
48319
48356
48455
48774
49583
49593
49637
49641
49669
49841
50099
50191
50335
50371
50372
50583
50801
50954
51069
51172
51232
51233
51576
51624
51839
51849
51986
52154
52419
52633
52727
52943
53229
53253
53417
53740
53773
53910
53954
54061
54463
54539
54682
54872
54879
55084
55203
55219
55282
55425
55434
55642
55705
56211
56343
56561
56647
57363
57380
57399
57439
57632
57669
57757
57803
57936
58001
58758
58948
59072
59173
59196
59199
59316
59449
59747
59774
59803
59929
60000
60009
60129
60260
60718
60742
60823
60965
61084
61174
61199
61281
61317
61359
61585
61622
61932
61941
62322
62434
62867
62896
62956
63003
63090
63125
63608
63613
64004
64238
64241
64394
64962
65109
65378
65474
65477
65936
66249
66657
67153
67301
67457
67459
67464
67472
67669
67927
68002
68245
68282
68520
68523
68702
68756
68862
68895
68933
69427
69673
69701
69732
69996
70069
70090
70300
70497
70576
70638
70692
71053
71075
71121
71284
71352
71536
71681
71683
71762
71795
71860
71865
71908
71957
72010
72105
72220
72370
72571
72607
72622
72683
73165
73273
73334
73555
73620
73714
73807
74117
74376
74395
74666
74785
74824
74857
74911
74946
75097
75141
75177
75264
75323
75411
75458
75695
76127
76267
76276
76297
76333
76440
76470
76552
76600
76952
77055
77070
77233
77257
77450
77516
77622
77634
77853
77952
78072
78104
78159
78265
78384
78401
78527
78727
78820
78918
78933
78990
79101
79374
79593
79664
79882
79992
80000
80112
80170
80331
80343
80569
80582
80763
80816
80883
80894
80911
80975
81065
81126
81266
81304
81377
81693
81833
81852
82080
82273
82363
82396
82514
82545
82673
82729
83000
83081
83153
83207
83895
84012
84143
84345
84379
84380
84405
84880
84893
84970
85112
85258
85267
85340
85355
85423
85670
85693
85696
85727
85792
85822
85927
86032
86170
86228
86263
86414
86565
86670
86742
86929
86974
87073
87108
87261
87585
87808
87833
87933
87998
88048
88192
88267
88290
88601
88635
88714
88771
88794
88866
88886
89341
89642
89826
89908
89931
89937
89962
90098
90139
90185
90422
90496
90568
91117
91262
91792
91971
92041
92043
92161
92175
92420
92609
92791
92855
92862
93015
93085
93194
93244
93429
93506
93683
93747
93805
93825
93864
94114
94141
94160
94376
94481
94648
94713
94779
95168
95241
95294
95347
95501
95771
95853
95947
96229
96441
96468
96757
96837
97165
97278
97365
97433
97649
97804
98032
98036
98110
98337
98412
98495
98688
99240
99255
99473
99655
99675
99848
100027
100064
100345
100453
100587
100751
101076
101093
101421
101769
101772
101847
101958
102098
102281
102395
102422
102453
102485
102488
102532
102618
102624
102978
103227
103413
104060
104139
104234
104732
104858
104887
104987
105102
105138
105199
105319
105502
105515
105858
105881
106032
106278
106481
106985
107089
107259
107310
107315
107348
107354
107380
107418
107533
107556
108085
108431
108917
109074
109111
109139
109176
109268
109410
109427
109492
109857
109937
110003
110130
110395
110538
110960
110991
110997
111022
111043
111169
111188
111497
111954
112029
112122
112158
112405
112440
112447
112623
112716
112724
112748
112948
112961
113136
113246
113368
113638
113726
113881
113889
113963
114119
114131
114222
114341
114421
114724
114855
114971
114996
115033
115102
115438
115623
115669
115830
116231
116584
116631
116727
116771
116805
116928
116971
118268
118322
